1313
1309
1306
1307
1304
1302
1386
1312
1321
1300
1321
1372
1301
1302
1313
1310
1372
1335
1319
1321
1308
1308
1317
1304
1359
1408
1408
1306
1301
1320
1310
1313
1319
1386
1319
1310
1321
1303
1303
1386
1335
1317
1315
1313
1302
1313
1315
1321
1358
1334
1356
1386
1295
1408
1386
1386
1386
1386
1306
1304
1313
1300
1321
1302
1317
1386
1334
1386
1308
1313
1310
1321
1313
1353
1310
1321
1303
1359
1408
1386
1386
1386
1386
1306
1304
1313
1300
1321
1302
1317
1386
1334
1386
1308
1313
1310
1321
1313
1334
1313
1308
1315
1315
1313
1359
1408
1408
1386
1386
1386
1386
1306
1301
1320
1310
1313
1319
1386
1334
1386
1315
1317
1302
1340
1313
1310
1321
1313
1353
1310
1321
1303
1378
1377
1386
1295
1408
1386
1386
1386
1386
1386
1386
1386
1386
1304
1317
1302
1301
1304
1308
1386
1302
1314
1313
1303
1372
1308
1313
1310
1321
1313
1353
1310
1321
1303
1359
1408
1386
1386
1386
1386
1293
1408
1408
1386
1386
1386
1386
1306
1301
1320
1310
1313
1319
1386
1334
1386
1315
1317
1302
1340
1313
1310
1321
1313
1334
1313
1308
1315
1315
1313
1378
1377
1386
1295
1408
1386
1386
1386
1386
1386
1386
1386
1386
1304
1317
1302
1301
1304
1308
1386
1302
1314
1313
1303
1372
1308
1313
1310
1321
1313
1334
1313
1308
1315
1315
1313
1359
1408
1386
1386
1386
1386
1293
1408
1408
1386
1386
1386
1386
1306
1301
1320
1310
1313
1319
1386
1335
1317
1315
1313
1302
1313
1315
1321
1378
1334
1386
1321
1310
1321
1303
1374
1386
1334
1386
1302
1313
1308
1315
1315
1313
1377
1386
1295
1408
1408
1386
1386
1386
1386
1386
1386
1386
1386
1302
1314
1313
1303
1372
1308
1313
1310
1321
1313
1353
1310
1321
1303
1386
1357
1386
1321
1310
1321
1303
1359
1408
1386
1386
1386
1386
1386
1386
1386
1386
1302
1314
1313
1303
1372
1308
1313
1310
1321
1313
1334
1313
1308
1315
1315
1313
1386
1357
1386
1302
1313
1308
1315
1315
1313
1359
1408
1386
1386
1386
1386
1293
1408
1408
1386
1386
1386
1386
1306
1301
1320
1310
1313
1319
1386
1345
1308
1302
1317
1315
1317
1304
1386
1315
1317
1302
1336
1317
1303
1301
1310
1302
1353
1303
1345
1308
1302
1378
1377
1386
1295
1408
1386
1386
1386
1386
1386
1386
1386
1386
1313
1308
1302
1386
1321
1310
1321
1303
1386
1357
1386
1378
1313
1308
1302
1377
1386
1302
1314
1313
1303
1372
1315
1317
1302
1340
1313
1310
1321
1313
1353
1310
1321
1303
1378
1377
1359
1408
1386
1386
1386
1386
1386
1386
1386
1386
1313
1308
1302
1386
1302
1313
1308
1315
1315
1313
1386
1357
1386
1378
1313
1308
1302
1377
1386
1302
1314
1313
1303
1372
1315
1317
1302
1340
1313
1310
1321
1313
1334
1313
1308
1315
1315
1313
1378
1377
1359
1408
1386
1386
1386
1386
1386
1386
1386
1386
1313
1308
1302
1386
1314
1321
1303
1313
1310
1386
1357
1386
1321
1310
1321
1303
1386
1376
1386
1302
1313
1308
1315
1315
1313
1386
1371
1386
1368
1359
1408
1386
1386
1386
1386
1386
1386
1386
1386
1304
1317
1302
1301
1304
1308
1386
1314
1321
1303
1313
1310
1359
1408
1386
1386
1386
1386
1293
1408
1408
1386
1386
1386
1386
1306
1301
1320
1310
1313
1319
1386
1350
1307
1301
1320
1310
1317
1386
1315
1317
1302
1336
1317
1303
1301
1310
1302
1353
1303
1350
1307
1301
1320
1310
1317
1378
1377
1386
1295
1408
1386
1386
1386
1386
1386
1386
1386
1386
1318
1307
1301
1320
1310
1317
1386
1321
1310
1321
1303
1386
1357
1386
1378
1350
1307
1301
1320
1310
1317
1377
1386
1302
1314
1313
1303
1372
1315
1317
1302
1340
1313
1310
1321
1313
1353
1310
1321
1303
1378
1377
1359
1408
1386
1386
1386
1386
1386
1386
1386
1386
1318
1307
1301
1320
1310
1317
1386
1302
1313
1308
1315
1315
1313
1386
1357
1386
1378
1350
1307
1301
1320
1310
1317
1377
1386
1302
1314
1313
1303
1372
1315
1317
1302
1340
1313
1310
1321
1313
1334
1313
1308
1315
1315
1313
1378
1377
1359
1408
1386
1386
1386
1386
1386
1386
1386
1386
1318
1307
1301
1320
1310
1317
1386
1314
1321
1303
1313
1310
1386
1357
1386
1321
1310
1321
1303
1386
1376
1386
1302
1313
1308
1315
1315
1313
1386
1371
1386
1368
1359
1408
1386
1386
1386
1386
1386
1386
1386
1386
1304
1317
1302
1301
1304
1308
1386
1314
1321
1303
1313
1310
1359
1408
1386
1386
1386
1386
1293
1408
1408
1386
1386
1386
1386
1306
1301
1320
1310
1313
1319
1386
1303
1302
1321
1302
1313
1319
1386
1300
1307
1313
1318
1386
1309
1317
1308
1301
1378
1377
1386
1295
1408
1386
1386
1386
1386
1386
1386
1386
1386
1302
1304
1297
1386
1295
1408
1386
1386
1386
1386
1386
1386
1386
1386
1386
1386
1386
1386
1335
1297
1303
1302
1317
1309
1372
1307
1301
1302
1372
1306
1304
1313
1308
1302
1310
1308
1378
1408
1386
1386
1386
1386
1386
1386
1386
1386
1386
1386
1386
1386
1386
1386
1386
1386
1386
1386
1386
1386
1384
1326
1308
1357
1357
1357
1386
1346
1313
1302
1301
1308
1315
1386
1342
1301
1321
1303
1386
1335
1317
1315
1313
1302
1313
1315
1321
1386
1357
1357
1357
1326
1308
1326
1308
1341
1321
1301
1386
1309
1317
1308
1321
1309
1306
1313
1310
1311
1321
1308
1386
1314
1321
1303
1313
1310
1386
1310
1301
1321
1303
1386
1318
1321
1310
1321
1309
1386
1320
1317
1308
1302
1301
1311
1355
1386
1360
1386
1326
1308
1369
1372
1386
1346
1321
1303
1313
1310
1386
1302
1307
1386
1345
1308
1302
1317
1315
1317
1304
1326
1308
1368
1372
1386
1346
1321
1303
1313
1310
1386
1302
1307
1386
1350
1307
1301
1320
1310
1317
1326
1308
1341
1321
1303
1301
1311
1321
1308
1386
1338
1313
1310
1313
1314
1321
1308
1386
1369
1386
1371
1386
1368
1384
1377
1359
1408
1386
1386
1386
1386
1386
1386
1386
1386
1386
1386
1386
1386
1335
1319
1321
1308
1308
1317
1304
1386
1313
1308
1306
1301
1302
1386
1357
1386
1308
1317
1299
1386
1335
1319
1321
1308
1308
1317
1304
1378
1335
1297
1303
1302
1317
1309
1372
1313
1308
1377
1359
1408
1386
1386
1386
1386
1386
1386
1386
1386
1386
1386
1386
1386
1313
1308
1302
1386
1306
1313
1310
1313
1314
1386
1357
1386
1313
1308
1306
1301
1302
1372
1308
1317
1298
1302
1345
1308
1302
1378
1377
1359
1408
1408
1386
1386
1386
1386
1386
1386
1386
1386
1386
1386
1386
1386
1313
1316
1386
1378
1306
1313
1310
1313
1314
1386
1357
1357
1386
1369
1377
1386
1295
1408
1386
1386
1386
1386
1386
1386
1386
1386
1386
1386
1386
1386
1386
1386
1386
1386
1313
1308
1302
1386
1308
1386
1357
1386
1368
1359
1408
1386
1386
1386
1386
1386
1386
1386
1386
1386
1386
1386
1386
1386
1386
1386
1386
1345
1308
1302
1317
1315
1317
1304
1327
1325
1386
1313
1308
1302
1353
1304
1304
1321
1297
1386
1357
1386
1308
1317
1299
1386
1345
1308
1302
1317
1315
1317
1304
1327
1308
1325
1359
1408
1386
1386
1386
1386
1386
1386
1386
1386
1386
1386
1386
1386
1386
1386
1386
1386
1335
1297
1303
1302
1317
1309
1372
1307
1301
1302
1372
1306
1304
1313
1308
1302
1310
1308
1378
1384
1341
1321
1303
1301
1311
1321
1308
1386
1340
1313
1310
1321
1313
1386
1353
1310
1321
1303
1386
1350
1321
1308
1386
1334
1313
1308
1315
1315
1313
1386
1335
1317
1319
1321
1304
1321
1386
1352
1317
1304
1301
1304
1301
1302
1321
1308
1386
1360
1386
1384
1377
1359
1408
1386
1386
1386
1386
1386
1386
1386
1386
1386
1386
1386
1386
1386
1386
1386
1386
1316
1307
1304
1386
1378
1313
1308
1302
1386
1313
1386
1357
1386
1369
1359
1386
1313
1386
1358
1357
1386
1368
1359
1386
1313
1375
1375
1377
1386
1295
1408
1386
1386
1386
1386
1386
1386
1386
1386
1386
1386
1386
1386
1386
1386
1386
1386
1386
1386
1386
1386
1313
1308
1302
1353
1304
1304
1321
1297
1327
1313
1386
1373
1386
1369
1325
1386
1357
1386
1313
1308
1306
1301
1302
1372
1308
1317
1298
1302
1345
1308
1302
1378
1377
1359
1408
1386
1386
1386
1386
1386
1386
1386
1386
1386
1386
1386
1386
1386
1386
1386
1386
1293
1408
1386
1386
1386
1386
1386
1386
1386
1386
1386
1386
1386
1386
1386
1386
1386
1386
1335
1317
1315
1313
1302
1313
1315
1321
1358
1345
1308
1302
1317
1315
1317
1304
1356
1386
1310
1301
1321
1335
1317
1315
1313
1302
1313
1315
1321
1345
1308
1302
1386
1357
1386
1308
1317
1299
1386
1335
1317
1315
1313
1302
1313
1315
1321
1358
1356
1378
1313
1308
1302
1353
1304
1304
1321
1297
1327
1370
1325
1374
1386
1313
1308
1302
1353
1304
1304
1321
1297
1327
1369
1325
1377
1359
1408
1386
1386
1386
1386
1386
1386
1386
1386
1386
1386
1386
1386
1386
1386
1386
1386
1335
1297
1303
1302
1317
1309
1372
1307
1301
1302
1372
1306
1304
1313
1308
1302
1310
1308
1378
1384
1342
1301
1321
1303
1386
1335
1317
1315
1313
1302
1313
1315
1321
1386
1350
1321
1310
1321
1309
1386
1345
1308
1302
1317
1315
1317
1304
1386
1360
1386
1384
1386
1375
1386
1310
1301
1321
1335
1317
1315
1313
1302
1313
1315
1321
1345
1308
1302
1372
1315
1317
1302
1336
1317
1303
1301
1310
1302
1353
1303
1345
1308
1302
1378
1377
1377
1359
1408
1408
1386
1386
1386
1386
1386
1386
1386
1386
1386
1386
1386
1386
1293
1386
1317
1310
1303
1317
1386
1313
1316
1386
1378
1306
1313
1310
1313
1314
1386
1357
1357
1386
1368
1377
1386
1295
1408
1386
1386
1386
1386
1386
1386
1386
1386
1386
1386
1386
1386
1386
1386
1386
1386
1313
1308
1302
1386
1308
1386
1357
1386
1368
1359
1408
1386
1386
1386
1386
1386
1386
1386
1386
1386
1386
1386
1386
1386
1386
1386
1386
1350
1307
1301
1320
1310
1317
1327
1325
1386
1318
1307
1301
1320
1310
1317
1353
1304
1304
1321
1297
1386
1357
1386
1308
1317
1299
1386
1350
1307
1301
1320
1310
1317
1327
1308
1325
1359
1408
1386
1386
1386
1386
1386
1386
1386
1386
1386
1386
1386
1386
1386
1386
1386
1386
1335
1297
1303
1302
1317
1309
1372
1307
1301
1302
1372
1306
1304
1313
1308
1302
1310
1308
1378
1384
1341
1321
1303
1301
1311
1321
1308
1386
1340
1313
1310
1321
1313
1386
1353
1310
1321
1303
1386
1350
1321
1308
1386
1334
1313
1308
1315
1315
1313
1386
1335
1317
1319
1321
1304
1321
1386
1352
1317
1304
1301
1304
1301
1302
1321
1308
1386
1360
1386
1384
1377
1359
1408
1386
1386
1386
1386
1386
1386
1386
1386
1386
1386
1386
1386
1386
1386
1386
1386
1316
1307
1304
1386
1378
1313
1308
1302
1386
1313
1386
1357
1386
1369
1359
1386
1313
1386
1358
1357
1386
1368
1359
1386
1313
1375
1375
1377
1386
1295
1408
1386
1386
1386
1386
1386
1386
1386
1386
1386
1386
1386
1386
1386
1386
1386
1386
1386
1386
1386
1386
1318
1307
1301
1320
1310
1317
1353
1304
1304
1321
1297
1327
1313
1386
1373
1386
1369
1325
1386
1357
1386
1313
1308
1306
1301
1302
1372
1308
1317
1298
1302
1350
1307
1301
1320
1310
1317
1378
1377
1359
1408
1386
1386
1386
1386
1386
1386
1386
1386
1386
1386
1386
1386
1386
1386
1386
1386
1293
1408
1408
1386
1386
1386
1386
1386
1386
1386
1386
1386
1386
1386
1386
1386
1386
1386
1386
1335
1317
1315
1313
1302
1313
1315
1321
1358
1350
1307
1301
1320
1310
1317
1356
1386
1310
1301
1321
1335
1317
1315
1313
1302
1313
1315
1321
1350
1307
1301
1320
1310
1317
1386
1357
1386
1308
1317
1299
1386
1335
1317
1315
1313
1302
1313
1315
1321
1358
1356
1378
1318
1307
1301
1320
1310
1317
1353
1304
1304
1321
1297
1327
1370
1325
1374
1386
1318
1307
1301
1320
1310
1317
1353
1304
1304
1321
1297
1327
1369
1325
1377
1359
1408
1386
1386
1386
1386
1386
1386
1386
1386
1386
1386
1386
1386
1386
1386
1386
1386
1335
1297
1303
1302
1317
1309
1372
1307
1301
1302
1372
1306
1304
1313
1308
1302
1310
1308
1378
1384
1342
1301
1321
1303
1386
1335
1317
1315
1313
1302
1313
1315
1321
1386
1350
1321
1310
1321
1309
1386
1350
1307
1301
1320
1310
1317
1386
1360
1386
1384
1386
1375
1386
1310
1301
1321
1335
1317
1315
1313
1302
1313
1315
1321
1350
1307
1301
1320
1310
1317
1372
1315
1317
1302
1336
1317
1303
1301
1310
1302
1353
1303
1350
1307
1301
1320
1310
1317
1378
1377
1377
1359
1408
1408
1386
1386
1386
1386
1386
1386
1386
1386
1386
1386
1386
1386
1293
1386
1317
1310
1303
1317
1386
1295
1408
1386
1386
1386
1386
1386
1386
1386
1386
1386
1386
1386
1386
1386
1386
1386
1386
1335
1297
1303
1302
1317
1309
1372
1307
1301
1302
1372
1306
1304
1313
1308
1302
1310
1308
1378
1384
1338
1313
1310
1313
1314
1321
1308
1386
1334
1313
1318
1321
1311
1386
1334
1317
1304
1303
1317
1318
1313
1321
1384
1377
1359
1408
1386
1386
1386
1386
1386
1386
1386
1386
1386
1386
1386
1386
1293
1408
1386
1386
1386
1386
1386
1386
1386
1386
1293
1386
1319
1321
1302
1319
1314
1386
1378
1349
1298
1319
1317
1306
1302
1313
1307
1308
1386
1317
1377
1386
1295
1408
1386
1386
1386
1386
1386
1386
1386
1386
1386
1386
1386
1386
1335
1297
1303
1302
1317
1309
1372
1307
1301
1302
1372
1306
1304
1313
1308
1302
1310
1308
1378
1317
1372
1315
1317
1302
1341
1317
1303
1303
1321
1315
1317
1378
1377
1377
1359
1408
1386
1386
1386
1386
1386
1386
1386
1386
1293
1408
1408
1386
1386
1386
1386
1293
1408
1408
1386
1386
1386
1386
1306
1301
1320
1310
1313
1319
1386
1303
1302
1321
1302
1313
1319
1386
1300
1307
1313
1318
1386
1309
1321
1313
1308
1378
1335
1302
1304
1313
1308
1315
1327
1325
1386
1321
1304
1315
1303
1377
1386
1295
1408
1386
1386
1386
1386
1386
1386
1386
1386
1299
1314
1313
1310
1317
1386
1378
1302
1304
1301
1317
1377
1386
1295
1408
1386
1386
1386
1386
1386
1386
1386
1386
1386
1386
1386
1386
1309
1317
1308
1301
1378
1377
1359
1408
1386
1386
1386
1386
1386
1386
1386
1386
1293
1408
1386
1386
1386
1386
1293
1408
1408
1293
